-3 0 0 0 0 0 0
-2.96875 0.00391027 -0.121168 0.161248 0.026412 0.160846 -0.172059
-2.9375 0.00844338 -0.234248 0.311932 0.0504872 0.312119 -0.332859
-2.90625 0.0135993 -0.33924 0.452052 0.0722255 0.453819 -0.482401
-2.875 0.0193781 -0.436144 0.581607 0.0916271 0.585946 -0.620684
-2.84375 0.0257798 -0.524961 0.700599 0.108692 0.708501 -0.747709
-2.8125 0.0328042 -0.60569 0.809026 0.12342 0.821482 -0.863476
-2.78125 0.0404515 -0.678332 0.90689 0.135811 0.924891 -0.967984
-2.75 0.0487217 -0.742886 0.994189 0.145865 1.01873 -1.06123
-2.71875 0.0576147 -0.799352 1.07092 0.153582 1.10299 -1.14323
-2.6875 0.0671305 -0.84773 1.1371 0.158963 1.17768 -1.21396
-2.65625 0.0772692 -0.888021 1.1927 0.162007 1.2428 -1.27343
-2.625 0.0880307 -0.920224 1.23774 0.162714 1.29834 -1.32165
-2.59375 0.0994151 -0.944339 1.27222 0.161084 1.34431 -1.35861
-2.5625 0.111422 -0.960367 1.29614 0.157117 1.38071 -1.38431
-2.53125 0.124052 -0.968307 1.30949 0.150813 1.40754 -1.39875
-2.5 0.137305 -0.968159 1.31227 0.142173 1.42479 -1.40193
-2.46875 0.151181 -0.959923 1.3045 0.131196 1.43247 -1.39386
-2.4375 0.16568 -0.9436 1.28616 0.117882 1.43058 -1.37452
-2.40625 0.180801 -0.919189 1.25725 0.102231 1.41911 -1.34393
-2.375 0.196545 -0.886691 1.21778 0.0842434 1.39807 -1.30208
-2.34375 0.212912 -0.846105 1.16775 0.0639189 1.36746 -1.24897
-2.3125 0.229902 -0.797431 1.10715 0.0412575 1.32728 -1.1846
-2.28125 0.247515 -0.740669 1.03598 0.0162594 1.27752 -1.10898
-2.25 0.265751 -0.67582 0.954258 -0.0110756 1.21819 -1.02209
-2.21875 0.284609 -0.602883 0.861967 -0.0407474 1.14929 -0.92395
-2.1875 0.30409 -0.521858 0.759113 -0.072756 1.07081 -0.814549
-2.15625 0.324194 -0.432746 0.645694 -0.107101 0.982766 -0.693889
-2.125 0.344921 -0.335545 0.521711 -0.143784 0.885145 -0.561971
-2.09375 0.366271 -0.230258 0.387164 -0.182803 0.777951 -0.418795
-2.0625 0.388244 -0.116882 0.242053 -0.224159 0.661184 -0.26436
-2.03125 0.410839 0.00458098 0.0863776 -0.267851 0.534844 -0.0986675
-2 0.434058 0.134132 -0.0798618 -0.313881 0.398931 0.0782839
-1.96875 0.455414 0.26249 -0.247209 -0.359894 0.264292 0.259044
-1.9375 0.472423 0.380375 -0.406207 -0.403535 0.141771 0.436162
-1.90625 0.485086 0.487788 -0.556856 -0.444806 0.0313684 0.60964
-1.875 0.493402 0.584727 -0.699156 -0.483706 -0.0669153 0.779476
-1.84375 0.497371 0.671194 -0.833108 -0.520235 -0.15308 0.945671
-1.8125 0.496993 0.747187 -0.958711 -0.554394 -0.227127 1.10822
-1.78125 0.492268 0.812708 -1.07596 -0.586181 -0.289054 1.26714
-1.75 0.483196 0.867755 -1.18487 -0.615598 -0.338863 1.42241
-1.71875 0.469777 0.91233 -1.28543 -0.642644 -0.376554 1.57404
-1.6875 0.452012 0.946432 -1.37763 -0.667318 -0.402125 1.72203
-1.65625 0.429899 0.97006 -1.46149 -0.689623 -0.415578 1.86637
-1.625 0.40344 0.983216 -1.537 -0.709556 -0.416913 2.00708
-1.59375 0.372634 0.985899 -1.60416 -0.727118 -0.406128 2.14414
-1.5625 0.337481 0.978109 -1.66297 -0.74231 -0.383225 2.27757
-1.53125 0.297981 0.959846 -1.71343 -0.75513 -0.348204 2.40735
-1.5 0.254135 0.93111 -1.75555 -0.76558 -0.301063 2.53349
-1.46875 0.205941 0.891901 -1.78931 -0.773659 -0.241804 2.65599
-1.4375 0.153401 0.842219 -1.81473 -0.779367 -0.170427 2.77485
-1.40625 0.0965132 0.782064 -1.8318 -0.782704 -0.0869303 2.89006
-1.375 0.035279 0.711436 -1.84051 -0.783671 0.00868469 3.00164
-1.34375 -0.030302 0.630336 -1.84088 -0.782266 0.116418 3.10958
-1.3125 -0.10023 0.538762 -1.8329 -0.778491 0.236271 3.21387
-1.28125 -0.174505 0.436715 -1.81658 -0.772345 0.368242 3.31452
-1.25 -0.253126 0.324196 -1.7919 -0.763828 0.512331 3.41153
-1.21875 -0.336095 0.201203 -1.75887 -0.75294 0.66854 3.5049
-1.1875 -0.42341 0.0677378 -1.7175 -0.739681 0.836867 3.59463
-1.15625 -0.515073 -0.0762006 -1.66777 -0.724052 1.01731 3.68072
-1.125 -0.611082 -0.230612 -1.6097 -0.706051 1.20988 3.76316
-1.09375 -0.711438 -0.395496 -1.54328 -0.68568 1.41456 3.84197
-1.0625 -0.816141 -0.570854 -1.46851 -0.662938 1.63136 3.91713
-1.03125 -0.92519 -0.756684 -1.38539 -0.637825 1.86028 3.98865
-1 -1.03859 -0.952987 -1.29392 -0.610341 2.10132 4.05653
-0.96875 -1.13047 -1.17483 -1.23471 -0.598106 2.33531 4.10113
-0.9375 -1.17499 -1.43728 -1.24836 -0.61874 2.54306 4.10279
-0.90625 -1.17213 -1.74035 -1.33488 -0.672241 2.72459 4.06152
-0.875 -1.12191 -2.08402 -1.49425 -0.758611 2.8799 3.97733
-0.84375 -1.02431 -2.4683 -1.72649 -0.877849 3.00897 3.8502
-0.8125 -0.879348 -2.89319 -2.0316 -1.02996 3.11182 3.68015
-0.78125 -0.687013 -3.35869 -2.40956 -1.21493 3.18844 3.46716
-0.75 -0.447308 -3.86479 -2.86039 -1.43277 3.23883 3.21124
-0.71875 -0.160233 -4.41151 -3.38408 -1.68348 3.263 2.9124
-0.6875 0.174211 -4.99884 -3.98063 -1.96706 3.26094 2.57062
-0.65625 0.556026 -5.62677 -4.65005 -2.28351 3.23265 2.18592
-0.625 0.985211 -6.29532 -5.39233 -2.63283 3.17813 1.75828
-0.59375 1.46177 -7.00447 -6.20747 -3.01501 3.09739 1.28771
-0.5625 1.98569 -7.75423 -7.09548 -3.43007 2.99042 0.774215
-0.53125 2.55698 -8.5446 -8.05634 -3.87799 2.85722 0.217788
-0.5 3.17565 -9.37558 -9.09007 -4.35878 2.6978 -0.381569
-0.46875 3.66426 -10.3518 -9.96398 -4.481 2.9069 -0.70324
-0.4375 3.84539 -11.5779 -10.4454 -3.85324 3.87928 -0.426607
-0.40625 3.71905 -13.0539 -10.5343 -2.47549 5.61495 0.448328
-0.375 3.28523 -14.7798 -10.2307 -0.347745 8.11389 1.92157
-0.34375 2.54393 -16.7556 -9.53456 2.52999 11.3761 3.99311
-0.3125 1.49515 -18.9812 -8.44594 6.15771 15.4016 6.66295
-0.28125 0.138901 -21.4568 -6.96482 10.5354 20.1904 9.9311
-0.25 -1.52483 -24.1822 -5.09119 15.6631 25.7425 13.7976
-0.21875 -3.20886 -26.2528 -2.73947 19.9674 31.2489 17.1351
-0.1875 -4.62603 -26.7638 0.175933 21.8749 35.9007 18.8166
-0.15625 -5.77632 -25.7153 3.65501 21.3855 39.6979 18.8421
-0.125 -6.65975 -23.1071 7.69776 18.4992 42.6405 17.2114
-0.09375 -7.2763 -18.9395 12.3042 13.2162 44.7285 13.9248
-0.0625 -7.62599 -13.2122 17.4743 5.53627 45.9618 8.98201
-0.03125 -7.7088 -5.92545 23.2081 -4.54047 46.3406 2.38319
0 -7.52475 2.92091 29.5055 -17.014 45.8648 -5.87169
0.03125 -7.2515 11.856 34.5995 -25.909 44.0925 -14.22
0.0625 -7.06673 19.4091 36.7229 -25.2498 40.5818 -21.0991
0.09375 -6.97044 25.58 35.8756 -15.0365 35.3329 -26.509
0.125 -6.96263 30.3689 32.0577 4.731 28.3456 -30.4498
0.15625 -7.0433 33.7758 25.2692 34.0526 19.6201 -32.9213
0.1875 -7.21245 35.8005 15.51 72.9283 9.15616 -33.9236
0.21875 -7.47008 36.4432 2.78024 121.358 -3.04605 -33.4568
0.25 -7.81619 35.7038 -12.9202 179.342 -16.9866 -31.5207
